00:00:04.458 ->  SD OK
00:00:04.486 ->  BREAK STOP
00:00:04.728 ->  Controller Set
00:00:06.479 ->  START
00:00:06.620 ->  @20/5/23 16:0:0.97 Bike UNLOCK
00:00:07.954 ->  Bike LOCK
00:00:08.643 ->  @20/5/23 16:0:7.12 Bike UNLOCK
00:00:10.975 ->  (94,93,94,93,0.00,100,0)	BREAK STOPPED 
00:00:11.041 ->  (95,94,94,94,0.00,100,0)	BREAK STOPPED 
00:00:11.247 ->  (96,95,96,94,0.00,100,0)	FORWARD     94　95　96　
00:00:11.709 ->  (102,96,102,96,0.00,100,0)	FORWARD     96　97　98　99　100　101　102　
00:00:11.859 ->  (104,102,103,102,0.00,100,0)	FORWARD     102　103　
00:00:12.315 ->  (104,104,104,103,0.00,100,0)	FORWARD     103　104　
00:00:12.922 ->  (112,104,112,104,0.00,100,0)	FORWARD     104　105　106　107　108　109　110　111　112　
00:00:15.080 ->  (144,112,143,112,0.00,100,0)	MAX FORWARD 112　113　114　115　116　117　118　119　120　121　122　123　124　125　126　127　128　129　130　131　132　133　134　135　136　137　138　139　140　141　142　143　
00:00:15.125 ->  (143,144,143,143,0.00,100,0)	MAX FORWARD 
00:00:15.212 ->  (144,143,143,143,0.00,100,0)	MAX FORWARD 143　
00:00:15.238 ->  (143,144,143,143,0.00,100,0)	MAX FORWARD 
00:00:15.326 ->  (144,143,143,143,0.00,100,0)	MAX FORWARD 143　
00:00:23.868 ->  (93,144,93,143,0.00,100,0)	BREAK STOPPING 
00:00:25.603 ->  (94,93,94,93,0.00,100,0)	BREAK STOPPED 93　94　
00:00:26.742 ->  (110,94,110,94,0.00,100,0)	FORWARD     94　95　96　97　98　99　100　101　102　103　104　105　106　107　108　109　110　
00:00:27.216 ->  (117,110,116,110,0.00,100,0)	FORWARD     110　111　112　113　114　115　116　
00:00:27.488 ->  (117,117,117,116,0.00,100,0)	FORWARD     116　117　
00:00:28.027 ->  (124,117,124,117,0.00,100,0)	FORWARD     117　118　119　120　121　122　123　124　
00:00:29.375 ->  (144,124,143,124,0.00,100,0)	MAX FORWARD 124　125　126　127　128　129　130　131　132　133　134　135　136　137　138　139　140　141　142　143　
00:00:33.460 ->  (143,144,143,143,0.00,100,0)	MAX FORWARD 
00:00:33.570 ->  (141,143,141,143,0.00,100,0)	FORWARD     143　142　141　
00:00:33.627 ->  (93,141,93,141,0.00,100,0)	BREAK STOPPING 
00:00:46.640 ->  (94,93,94,93,0.00,100,0)	BREAK STOPPED 93　94　
00:00:48.319 ->  (118,94,118,94,0.00,100,0)	FORWARD     94　95　96　97　98　99　100　101　102　103　104　105　106　107　108　109　110　111　112　113　114　115　116　117　118　
00:00:50.071 ->  (144,118,143,118,0.00,100,0)	MAX FORWARD 118　119　120　121　122　123　124　125　126　127　128　129　130　131　132　133　134　135　136　137　138　139　140　141　142　143　
00:00:51.884 ->  (143,144,143,143,0.00,100,0)	MAX FORWARD 
00:00:51.972 ->  (144,143,143,143,0.00,100,0)	MAX FORWARD 143　
00:00:58.084 ->  (123,144,123,143,0.00,100,0)	FORWARD     143　142　141　140　139　138　137　136　135　134　133　132　131　130　129　128　127　126　125　124　123　
00:00:58.140 ->  (93,123,93,123,0.00,100,0)	BREAK STOPPING 
00:01:48.994 ->  (94,93,94,93,0.00,100,0)	BREAK STOPPED 93　94　
00:01:49.390 ->  (99,94,99,94,0.00,100,0)	FORWARD     94　95　96　97　98　99　
00:01:49.538 ->  (101,99,100,99,0.00,100,0)	FORWARD     99　100　
00:01:50.055 ->  (101,101,101,100,0.00,100,0)	FORWARD     100　101　
00:01:50.265 ->  (103,101,103,101,0.00,100,0)	FORWARD     101　102　103　
00:01:50.669 ->  (108,103,108,103,0.00,100,0)	FORWARD     103　104　105　106　107　108　
00:01:53.098 ->  (143,108,143,108,0.00,100,0)	MAX FORWARD 108　109　110　111　112　113　114　115　116　117　118　119　120　121　122　123　124　125　126　127　128　129　130　131　132　133　134　135　136　137　138　139　140　141　142　143　
00:01:53.188 ->  (144,143,143,143,0.00,100,0)	MAX FORWARD 143　
00:02:09.914 ->  (133,144,133,143,0.00,100,0)	FORWARD     143　142　141　140　139　138　137　136　135　134　133　
00:02:09.971 ->  (93,133,93,133,0.00,100,0)	BREAK STOPPING 
00:05:55.743 ->  (94,93,94,93,0.00,100,0)	BREAK STOPPED 93　94　
00:05:56.683 ->  (126,94,107,94,0.00,100,0)	FORWARD     94　95　96　97　98　99　100　101　102　103　104　105　106　107　
00:05:56.740 ->  (93,126,93,107,0.00,100,0)	BREAK STOPPING 
00:05:57.506 ->  (94,93,94,93,0.00,100,0)	BREAK STOPPED 93　94　
00:05:58.511 ->  (132,94,108,94,0.00,100,0)	FORWARD     94　95　96　97　98　99　100　101　102　103　104　105　106　107　108　
00:05:58.566 ->  (93,132,93,108,0.00,100,0)	BREAK STOPPING 
00:06:00.361 ->  (94,93,94,93,0.00,100,0)	BREAK STOPPED 93　94　
00:06:02.716 ->  (128,94,128,94,0.00,100,0)	FORWARD     94　95　96　97　98　99　100　101　102　103　104　105　106　107　108　109　110　111　112　113　114　115　116　117　118　119　120　121　122　123　124　125　126　127　128　
00:06:03.458 ->  (138,128,138,128,0.00,100,0)	FORWARD     128　129　130　131　132　133　134　135　136　137　138　
00:06:03.863 ->  (144,138,143,138,0.00,100,0)	MAX FORWARD 138　139　140　141　142　143　
00:06:06.168 ->  (143,144,143,143,0.00,100,0)	MAX FORWARD 
00:06:06.203 ->  (144,143,143,143,0.00,100,0)	MAX FORWARD 
00:06:06.232 ->  (143,144,143,143,0.00,100,0)	MAX FORWARD 
00:06:06.277 ->  (144,143,143,143,0.00,100,0)	MAX FORWARD 
00:06:06.321 ->  (143,144,143,143,0.00,100,0)	MAX FORWARD 
00:06:06.529 ->  (142,143,143,143,0.00,100,0)	MAX FORWARD 143　
00:06:06.637 ->  (141,142,141,143,0.00,100,0)	FORWARD     143　142　141　
00:06:08.009 ->  (101,141,101,141,0.00,100,0)	FORWARD     141　140　139　138　137　136　135　134　133　132　131　130　129　128　127　126　125　124　123　122　121　120　119　118　117　116　115　114　113　112　111　110　109　108　107　106　105　104　103　102　101　
00:06:08.068 ->  (93,101,93,101,0.00,100,0)	BREAK STOPPING 
